Number of requests arrived in interval;Number of requests completed in interval;Number of requests arrived in total;Number of requests completed in total;Number of High criticality requests arrived in interval;Number of High criticality reuests completed in interval;Number of High criticality requests arrived in total;Number of High criticality reuests completed in total;Number of active cores in interval;Number of overloaded cores in interval;Number of sensors pushing data;Number of sensors we pull data;Overloaded system;Average High Criticality requests service time in interval;Average High Criticality requests service time in total;Average request service time in interval;Average request service time in total;numberOfRequestsCompletedWithCacheInInterval;numberOfRequestsCompletedWithCacheInTotal
0;0;0;0;0;0;0;0;2;0;0;0;false;0.0;0.0;0.0;0.0;0;0
0;0;0;0;0;0;0;0;2;0;0;0;false;0.0;0.0;0.0;0.0;0;0
0;0;0;0;0;0;0;0;2;0;0;2;false;0.0;0.0;0.0;0.0;0;0
0;0;0;0;0;0;0;0;2;0;0;2;false;0.0;0.0;0.0;0.0;0;0
0;0;0;0;0;0;0;0;2;0;0;2;false;0.0;0.0;0.0;0.0;0;0
3;0;3;0;0;0;0;0;2;0;0;2;false;0.0;0.0;0.0;0.0;0;0
3;0;6;0;0;0;0;0;2;0;0;2;false;0.0;0.0;0.0;0.0;0;0
6;0;12;0;0;0;0;0;2;0;0;2;false;0.0;0.0;0.0;0.0;0;0
6;0;18;0;0;0;0;0;2;0;0;2;false;0.0;0.0;0.0;0.0;0;0
6;0;24;0;0;0;0;0;2;0;0;2;false;0.0;0.0;0.0;0.0;0;0
9;0;33;0;1;0;1;0;2;0;0;2;false;0.0;0.0;0.0;0.0;0;0
7;0;40;0;0;0;1;0;2;0;0;2;false;0.0;0.0;0.0;0.0;0;0
8;0;48;0;0;0;1;0;2;0;1;1;false;0.0;0.0;0.0;0.0;0;0
12;0;60;0;0;0;1;0;2;0;1;1;false;0.0;0.0;0.0;0.0;0;0
12;0;72;0;0;0;1;0;2;0;1;1;false;0.0;0.0;0.0;0.0;0;0
11;0;83;0;1;0;2;0;2;0;1;1;false;0.0;0.0;0.0;0.0;0;0
14;0;97;0;0;0;2;0;2;0;1;1;false;0.0;0.0;0.0;0.0;0;0
14;0;111;0;0;0;2;0;2;0;1;1;false;0.0;0.0;0.0;0.0;0;0
13;0;124;0;0;0;2;0;2;0;1;1;false;0.0;0.0;0.0;0.0;0;0
18;0;142;0;0;0;2;0;2;0;1;1;false;0.0;0.0;0.0;0.0;0;0
15;0;157;0;1;0;3;0;2;0;1;1;false;0.0;0.0;0.0;0.0;0;0
15;0;172;0;0;0;3;0;2;0;1;1;false;0.0;0.0;0.0;0.0;0;0
18;0;190;0;0;0;3;0;2;0;2;0;false;0.0;0.0;0.0;0.0;0;0
15;0;205;0;0;0;3;0;2;0;2;0;false;0.0;0.0;0.0;0.0;0;0
0;0;205;0;0;0;3;0;2;0;2;0;false;0.0;0.0;0.0;0.0;0;0
0;0;205;0;0;0;3;0;2;0;2;0;false;0.0;0.0;0.0;0.0;0;0
0;0;205;0;0;0;3;0;2;0;2;0;false;0.0;0.0;0.0;0.0;0;0
