Number of requests arrived in interval;Number of requests completed in interval;Number of requests arrived in total;Number of requests completed in total;Number of High criticality requests arrived in interval;Number of High criticality reuests completed in interval;Number of High criticality requests arrived in total;Number of High criticality reuests completed in total;Number of active cores in interval;Number of overloaded cores in interval;Number of sensors pushing data;Number of sensors we pull data;Overloaded system;Average High Criticality requests service time in interval;Average High Criticality requests service time in total;Average request service time in interval;Average request service time in total;numberOfRequestsCompletedWithCacheInInterval;numberOfRequestsCompletedWithCacheInTotal
0;0;0;0;0;0;0;0;2;0;0;0;false;0.0;0.0;0.0;0.0;0;0
0;0;0;0;0;0;0;0;2;0;0;0;false;0.0;0.0;0.0;0.0;0;0
0;0;0;0;0;0;0;0;2;0;0;0;false;0.0;0.0;0.0;0.0;0;0
0;0;0;0;0;0;0;0;2;0;0;2;false;0.0;0.0;0.0;0.0;0;0
0;0;0;0;0;0;0;0;2;0;0;2;false;0.0;0.0;0.0;0.0;0;0
0;0;0;0;0;0;0;0;2;0;0;2;false;0.0;0.0;0.0;0.0;0;0
0;0;0;0;0;0;0;0;2;0;0;2;false;0.0;0.0;0.0;0.0;0;0
3;0;3;0;0;0;0;0;2;0;0;2;false;0.0;0.0;0.0;0.0;0;0
3;2;6;2;0;0;0;0;2;0;0;2;false;0.0;0.0;1247.0;1247.0;0;0
3;4;9;6;0;0;0;0;2;0;0;2;false;0.0;0.0;1221.75;1230.1666;0;0
9;6;18;12;0;0;0;0;2;0;0;2;false;0.0;0.0;467.83334;849.0;5;5
9;9;27;21;0;0;0;0;2;0;0;2;false;0.0;0.0;722.44446;794.7619;5;10
10;6;37;27;1;0;1;0;2;0;0;2;false;0.0;0.0;1221.8334;889.6667;0;10
16;13;54;40;0;1;1;1;2;0;0;2;false;1211.0;1211.0;666.6923;817.2;9;19
18;18;72;58;1;1;2;2;2;0;1;1;false;305.0;758.0;625.6111;757.7414;10;29
21;21;93;79;0;0;2;2;2;0;1;1;false;0.0;758.0;629.4286;723.633;6;35
30;27;123;106;0;0;2;2;2;0;1;1;false;0.0;758.0;400.25925;641.26434;18;53
23;27;146;133;0;0;2;2;2;0;1;1;false;0.0;758.0;431.25925;598.63184;14;67
25;26;171;159;1;0;3;2;2;0;1;1;false;0.0;758.0;529.6539;587.3524;17;84
40;36;211;195;0;1;3;3;2;0;1;1;false;1211.0;909.0;469.3611;565.5695;17;101
35;41;246;236;1;0;4;3;2;0;2;0;false;0.0;909.0;473.82925;549.63153;16;117
41;33;287;269;2;2;6;5;2;0;2;0;false;391.0;701.8;343.9091;524.39417;19;136
47;48;334;317;1;2;7;7;2;0;2;0;false;339.0;598.1429;351.79166;498.25876;22;158
42;46;376;363;1;1;8;8;2;0;2;0;false;400.0;573.375;368.82608;481.85684;22;180
44;39;420;402;1;1;9;9;2;0;2;0;false;330.0;546.3333;345.1282;468.59213;22;202
57;57;477;459;2;0;11;9;2;0;2;0;false;0.0;546.3333;352.3685;454.15912;30;232
48;47;525;506;1;2;12;11;2;0;2;0;false;354.5;511.45456;380.21277;447.2906;28;260
54;54;579;560;0;1;12;12;2;0;2;0;false;407.0;502.75;346.2037;437.54294;32;292
66;64;645;624;0;0;12;12;2;0;2;0;false;0.0;502.75;340.59375;427.59946;30;322
53;56;698;680;0;0;12;12;2;0;2;0;false;0.0;502.75;335.1607;419.98685;31;353
61;56;759;736;0;0;12;12;2;0;2;0;false;0.0;502.75;323.4107;412.63867;23;376
73;68;832;804;1;1;13;13;2;0;2;0;false;347.0;490.76923;380.25;409.89932;31;407
62;69;894;873;0;0;13;13;2;0;2;0;false;0.0;490.76923;360.02893;405.9577;36;443
71;59;965;932;1;1;14;14;2;0;2;0;false;336.0;479.7143;354.10168;402.67496;35;478
76;77;1042;1009;0;0;14;14;2;0;2;0;false;0.0;479.7143;378.35065;400.8187;30;508
65;74;1107;1083;1;1;15;15;2;0;2;0;false;311.0;468.46667;412.5811;401.62234;45;553
84;59;1191;1143;1;0;16;15;2;0;2;0;false;0.0;468.46667;365.28815;401.14694;28;581
81;64;1272;1207;1;2;17;17;2;0;2;0;false;719.5;498.0;570.5937;410.1317;35;616
51;66;1323;1273;0;0;17;17;2;0;2;0;false;0.0;498.0;512.0455;415.41556;40;656
61;91;1384;1364;1;1;18;18;2;0;2;0;false;313.0;487.72223;548.74744;424.31085;46;702
128;41;1512;1405;2;0;20;18;2;0;2;0;false;0.0;487.72223;529.14636;427.37012;22;724
4;85;1516;1490;0;2;20;20;2;0;2;0;false;620.5;501.0;768.5998;446.83624;50;774
124;48;1640;1538;2;0;22;20;2;0;2;0;false;0.0;501.0;792.3125;457.61835;20;794
15;98;1655;1636;0;2;22;22;2;0;2;0;false;1114.0;556.7273;727.101;473.9157;59;853
93;50;1748;1687;3;1;25;23;3;1;2;0;false;846.0;569.3043;744.1639;481.46576;21;874
28;56;1776;1743;0;1;25;24;3;1;2;0;false;1300.0;599.74994;794.75;491.53113;26;900
104;41;1880;1784;0;1;25;25;3;1;2;0;false;1883.0;651.0799;686.0975;496.00266;2;902
43;76;1923;1860;2;0;27;25;3;1;2;0;false;0.0;651.0799;1022.9079;517.53217;49;951
50;74;1973;1934;0;0;27;25;3;1;2;0;false;0.0;651.0799;699.79736;524.5062;56;1007
100;57;2075;1991;1;2;28;27;3;1;2;0;false;1313.5;700.148;633.9298;527.6394;21;1028
52;52;2127;2043;1;0;29;27;3;1;2;0;false;0.0;700.148;600.09607;529.4836;34;1062
102;85;2229;2128;1;2;30;29;3;1;2;0;false;820.0;708.41364;783.5294;539.63116;51;1113
82;63;2311;2191;1;2;31;31;3;1;2;0;false;665.5;705.645;738.44446;545.3476;20;1133
47;80;2358;2271;2;0;33;31;4;2;2;0;false;0.0;705.645;1321.8748;572.7022;38;1171
83;28;2441;2299;2;3;35;34;4;1;2;0;false;636.3333;699.5293;880.1429;576.4468;3;1174
97;78;2538;2377;2;1;37;35;4;1;2;0;false;837.0;703.45703;1618.141;610.62933;31;1205
89;32;2627;2409;0;2;37;37;4;1;2;0;false;1045.0;721.9188;1160.3438;617.9315;6;1211
95;134;2722;2544;3;0;40;37;4;3;2;0;true;0.0;721.9188;2931.8723;739.747;96;1307
152;74;2874;2618;1;1;41;38;4;3;2;0;true;3408.0;792.60516;3797.8918;826.1881;50;1357
106;69;2980;2687;0;0;41;38;4;3;2;0;true;0.0;792.60516;3660.8262;898.9794;24;1381
65;71;3045;2758;0;2;41;40;4;3;2;0;true;3041.0;905.0249;2936.493;951.43164;10;1391
154;92;3199;2850;2;1;43;41;4;3;2;0;true;3591.0;970.5365;4389.5967;1062.4178;40;1431
138;66;3337;2916;2;0;45;41;4;3;2;0;true;0.0;970.5365;6223.5605;1179.2347;37;1468
62;47;3399;2964;1;1;46;42;4;3;2;0;true;5156.0;1070.1904;7569.1914;1282.5873;43;1511
54;33;3453;2997;1;1;47;43;4;3;2;0;true;3559.0;1128.0698;5274.1514;1326.5385;1;1512
49;32;3503;3029;0;1;47;44;4;3;2;0;true;2292.0;1154.5228;4072.5002;1355.5483;1;1513
362;144;3865;3173;9;3;56;47;4;3;2;0;true;2600.3333;1246.8086;5349.25;1536.7941;23;1536
120;51;3985;3224;4;2;60;49;4;3;2;0;true;3593.0;1342.5715;11822.471;1699.5017;38;1574
98;50;4083;3274;0;4;60;53;4;3;2;0;true;4743.25;1599.2266;9762.761;1822.6425;22;1596
65;29;4148;3303;3;0;63;53;4;3;2;0;true;0.0;1599.2266;6828.931;1866.5972;0;1596
109;69;4257;3372;1;7;64;60;4;3;2;0;true;3744.7144;1849.5334;5770.956;1946.4906;7;1603
62;23;4319;3395;1;0;65;60;4;3;2;0;true;0.0;1849.5334;6205.609;1975.3447;0;1603
109;90;4428;3485;0;4;65;64;4;3;2;0;true;2837.5;1911.2814;5882.6;2076.25;4;1607
43;34;4471;3519;0;1;65;65;4;3;2;0;true;2682.0;1923.1385;6302.3237;2117.0813;1;1608
98;63;4569;3582;1;0;66;65;4;3;2;0;true;0.0;1923.1385;6612.8413;2196.1533;0;1608
69;64;4639;3646;2;0;68;65;4;3;2;0;true;0.0;1923.1385;6368.3125;2269.389;0;1608
2;46;4641;3692;0;0;68;65;4;3;2;0;true;0.0;1923.1385;6230.587;2318.743;0;1608
90;13;4731;3705;2;1;70;66;4;3;2;0;true;2360.0;1929.7577;4446.231;2326.2078;1;1609
4;85;4735;3790;0;2;70;68;4;3;2;0;true;1966.0;1930.8235;5703.036;2401.9414;8;1617
2;92;4737;3882;0;1;70;69;4;2;2;0;false;3045.0;1946.9711;10159.479;2585.7883;25;1642
3;64;4740;3946;0;1;70;70;4;2;2;0;false;3844.0;1974.0714;14494.766;2778.9395;27;1669
76;59;4816;4005;3;0;73;70;4;1;2;0;false;0.0;1974.0714;27356.984;3141.013;56;1725
70;30;4886;4035;1;0;74;70;4;3;2;0;true;0.0;1974.0714;1517.5887;3128.948;0;1725
100;30;4986;4065;2;6;76;76;4;3;2;0;true;1634.8334;1947.2894;1746.1333;3118.7427;6;1731
9;21;4995;4086;0;0;76;76;4;3;2;0;true;0.0;1947.2894;1305.6666;3109.4243;0;1731
84;47;5080;4133;0;0;76;76;4;3;2;0;true;0.0;1947.2894;1284.2343;3088.6685;0;1731
30;0;5111;4133;0;0;76;76;4;3;2;0;true;0.0;1947.2894;0.0;3088.6685;0;1731
23;0;5134;4133;1;0;77;76;4;3;2;0;true;0.0;1947.2894;0.0;3088.6685;0;1731
9;0;5143;4133;0;0;77;76;4;3;2;0;true;0.0;1947.2894;0.0;3088.6685;0;1731
7;0;5150;4133;0;0;77;76;4;3;2;0;true;0.0;1947.2894;0.0;3088.6685;0;1731
6;0;5156;4133;0;0;77;76;4;3;2;0;true;0.0;1947.2894;0.0;3088.6685;0;1731
3;0;5159;4133;0;0;77;76;4;3;2;0;true;0.0;1947.2894;0.0;3088.6685;0;1731
3;0;5162;4133;0;0;77;76;4;3;2;0;true;0.0;1947.2894;0.0;3088.6685;0;1731
0;0;5162;4133;0;0;77;76;4;3;2;0;true;0.0;1947.2894;0.0;3088.6685;0;1731
0;0;5162;4133;0;0;77;76;4;3;2;0;true;0.0;1947.2894;0.0;3088.6685;0;1731
0;0;5162;4133;0;0;77;76;4;3;2;0;true;0.0;1947.2894;0.0;3088.6685;0;1731
0;0;5162;4133;0;0;77;76;4;3;2;0;true;0.0;1947.2894;0.0;3088.6685;0;1731
0;0;5162;4133;0;0;77;76;4;3;2;0;true;0.0;1947.2894;0.0;3088.6685;0;1731
0;0;5162;4133;0;0;77;76;4;3;2;0;true;0.0;1947.2894;0.0;3088.6685;0;1731
0;0;5162;4133;0;0;77;76;4;3;2;0;true;0.0;1947.2894;0.0;3088.6685;0;1731
0;0;5162;4133;0;0;77;76;4;3;2;0;true;0.0;1947.2894;0.0;3088.6685;0;1731
0;0;5162;4133;0;0;77;76;4;3;2;0;true;0.0;1947.2894;0.0;3088.6685;0;1731
0;0;5162;4133;0;0;77;76;4;3;2;0;true;0.0;1947.2894;0.0;3088.6685;0;1731
0;0;5162;4133;0;0;77;76;4;3;2;0;true;0.0;1947.2894;0.0;3088.6685;0;1731
