Number of requests arrived in interval;Number of requests completed in interval;Number of requests arrived in total;Number of requests completed in total;Number of High criticality requests arrived in interval;Number of High criticality reuests completed in interval;Number of High criticality requests arrived in total;Number of High criticality reuests completed in total;Number of active cores in interval;Number of overloaded cores in interval;Number of sensors pushing data;Number of sensors we pull data;Overloaded system;Average High Criticality requests service time in interval;Average High Criticality requests service time in total;Average request service time in interval;Average request service time in total;numberOfRequestsCompletedWithCacheInInterval;numberOfRequestsCompletedWithCacheInTotal
0;0;0;0;0;0;0;0;2;0;0;0;false;0.0;0.0;0.0;0.0;0;0
0;0;0;0;0;0;0;0;2;0;0;0;false;0.0;0.0;0.0;0.0;0;0
0;0;0;0;0;0;0;0;2;0;0;2;false;0.0;0.0;0.0;0.0;0;0
0;0;0;0;0;0;0;0;2;0;0;2;false;0.0;0.0;0.0;0.0;0;0
0;0;0;0;0;0;0;0;2;0;0;2;false;0.0;0.0;0.0;0.0;0;0
0;0;0;0;0;0;0;0;2;0;0;2;false;0.0;0.0;0.0;0.0;0;0
0;0;0;0;0;0;0;0;2;0;0;2;false;0.0;0.0;0.0;0.0;0;0
3;0;3;0;0;0;0;0;2;0;0;2;false;0.0;0.0;0.0;0.0;0;0
3;5;6;5;0;0;0;0;2;0;0;2;false;0.0;0.0;852.0;852.0;2;2
6;5;12;10;0;0;0;0;2;0;0;2;false;0.0;0.0;496.8;674.4;4;6
9;5;21;15;0;0;0;0;2;0;0;2;false;0.0;0.0;666.4;671.73334;3;9
9;8;30;23;0;0;0;0;2;0;0;2;false;0.0;0.0;871.375;741.1739;3;12
15;10;45;33;0;0;0;0;2;0;0;2;false;0.0;0.0;761.9;747.4545;5;17
18;15;63;48;0;0;0;0;2;0;0;2;false;0.0;0.0;677.4;725.56244;9;26
18;17;81;65;0;0;0;0;2;0;0;2;false;0.0;0.0;791.58826;742.8307;8;34
24;20;105;85;0;0;0;0;2;0;0;2;false;0.0;0.0;765.5;748.1647;10;44
28;28;133;113;0;0;0;0;2;0;0;2;false;0.0;0.0;637.9286;720.84955;18;62
23;28;156;141;0;0;0;0;2;0;0;2;false;0.0;0.0;763.4286;729.305;14;76
37;24;193;165;0;0;0;0;2;0;0;2;false;0.0;0.0;652.7084;718.1635;15;91
35;36;228;201;1;0;1;0;2;0;0;2;false;0.0;0.0;765.7778;726.69165;18;109
31;46;264;247;0;1;1;1;2;0;0;2;false;1228.0;1228.0;649.43475;712.3037;25;134
47;42;311;289;2;1;3;2;2;0;1;1;false;323.0;775.5;471.83334;677.3565;29;163
45;44;356;333;0;1;3;3;2;0;1;1;false;1253.0;934.6667;508.31824;655.0212;13;176
39;50;395;383;1;0;4;3;2;0;2;0;false;0.0;934.6667;484.36008;632.7416;22;198
55;48;450;431;1;2;5;5;2;0;2;0;false;339.0;696.4;335.00003;599.5826;26;224
50;54;501;485;0;0;5;5;2;0;2;0;false;0.0;696.4;324.05554;568.90533;31;255
48;48;549;533;0;0;5;5;2;0;2;0;false;0.0;696.4;316.16663;546.1447;21;276
63;60;612;593;2;1;7;6;2;0;2;0;false;308.0;631.6667;317.25;522.9851;33;309
56;58;668;651;1;1;8;7;2;0;2;0;false;337.0;589.5714;320.29318;504.9265;33;342
56;51;724;702;0;1;8;8;2;0;2;0;false;323.0;556.25;345.84314;493.36917;22;364
69;67;793;769;2;1;10;9;2;0;2;0;false;339.0;532.1111;364.02985;482.10034;44;408
65;66;858;835;1;2;11;11;2;0;2;0;false;452.0;517.5455;424.30304;477.53192;31;439
60;65;918;901;0;0;11;11;2;0;2;0;false;0.0;517.5455;403.66153;472.1822;37;476
93;62;1011;963;1;1;12;12;2;0;2;0;false;441.0;511.16666;392.14517;467.02924;30;506
55;76;1066;1039;2;2;14;14;2;0;2;0;false;639.0;529.4286;497.48685;469.25714;37;543
75;75;1141;1114;1;0;15;14;2;0;2;0;false;0.0;529.4286;486.95996;470.44894;42;585
75;74;1217;1188;0;1;15;15;2;0;2;0;false;433.0;523.0;458.33783;469.69455;40;625
55;57;1273;1245;1;1;16;16;2;0;2;0;false;432.0;517.3125;539.60345;472.94873;35;660
83;59;1356;1305;2;1;18;17;2;0;2;0;false;494.0;515.94116;606.79663;479.0001;28;688
81;69;1437;1374;4;2;22;19;2;0;2;0;false;759.5;541.5789;668.73914;488.52847;36;724
65;63;1502;1437;1;3;23;22;2;0;2;0;false;907.3333;591.4545;814.96826;502.84003;41;765
81;78;1583;1515;3;2;26;24;2;0;2;0;false;445.5;579.2917;481.3846;501.73538;40;805
37;77;1620;1592;1;2;27;26;2;0;2;0;false;342.0;561.03845;524.74023;502.84808;37;842
117;55;1737;1647;5;3;32;29;3;1;2;0;false;730.6667;578.5862;679.61816;508.75113;17;859
21;61;1758;1708;0;2;32;31;3;1;2;0;false;836.0;595.19354;930.60657;523.8172;34;893
114;50;1872;1758;0;1;32;32;3;1;2;0;false;1959.0;637.8125;1402.7596;548.8156;27;920
32;54;1904;1812;0;0;32;32;4;2;2;0;false;0.0;637.8125;961.03705;561.1006;21;941
66;62;1970;1874;1;0;33;32;4;1;2;0;false;0.0;637.8125;1359.4839;587.5146;33;974
89;45;2060;1919;3;0;36;32;2;1;2;0;false;0.0;637.8125;1405.0;606.6844;15;989
43;65;2103;1986;1;4;37;36;2;1;2;0;false;1020.25;680.30554;1430.2616;634.471;12;1001
60;77;2163;2064;1;1;38;37;2;1;2;0;false;1548.0;703.7568;1923.013;682.4721;58;1059
23;33;2186;2097;0;0;38;37;2;1;2;0;false;0.0;703.7568;1454.5454;694.6169;29;1088
64;56;2250;2154;3;0;41;37;2;1;2;0;false;0.0;703.7568;1428.1608;713.68774;42;1130
74;64;2324;2218;3;3;44;40;2;1;2;0;false;2163.0;813.19995;1514.9844;736.80896;30;1160
45;67;2369;2285;0;0;44;40;2;1;2;0;false;0.0;813.19995;1297.0597;753.2365;46;1206
35;49;2404;2334;0;0;44;40;2;1;2;0;false;0.0;813.19995;967.0;757.7243;19;1225
43;72;2447;2406;1;4;45;44;2;1;2;0;false;2651.75;980.3409;684.4305;755.5312;38;1263
28;54;2475;2460;0;1;45;45;2;1;2;0;false;821.0;976.8;493.92593;749.7885;33;1296
25;28;2500;2488;0;0;45;45;2;1;2;0;false;0.0;976.8;316.10712;744.908;18;1314
26;29;2526;2517;0;0;45;45;2;1;2;0;false;0.0;976.8;313.9655;739.9428;12;1326
18;15;2544;2532;0;0;45;45;2;1;2;0;false;0.0;976.8;310.73334;737.4;9;1335
18;18;2562;2550;0;0;45;45;2;1;2;0;false;0.0;976.8;309.5;734.3794;10;1345
16;17;2578;2567;0;0;45;45;2;1;2;0;false;0.0;976.8;318.3529;731.62427;6;1351
9;10;2587;2577;0;0;45;45;2;1;2;0;false;0.0;976.8;308.8;729.9836;5;1356
9;9;2596;2586;0;0;45;45;2;1;2;0;false;0.0;976.8;319.0;728.55334;3;1359
9;9;2605;2595;0;0;45;45;2;1;2;0;false;0.0;976.8;324.44446;727.1519;4;1363
3;6;2608;2601;0;0;45;45;2;1;2;0;false;0.0;976.8;310.0;726.18964;5;1368
3;3;2611;2604;0;0;45;45;2;1;2;0;false;0.0;976.8;305.0;725.7044;1;1369
6;2;2617;2606;1;1;46;46;2;1;2;0;false;305.0;962.1957;324.0;725.3961;2;1371
3;4;2620;2610;0;0;46;46;2;1;2;0;false;0.0;962.1957;312.75;724.76373;1;1372
3;3;2623;2613;0;0;46;46;2;1;2;0;false;0.0;962.1957;319.0;724.2979;1;1373
9;6;2632;2619;0;0;46;46;2;1;2;0;false;0.0;962.1957;305.66666;723.33887;3;1376
9;9;2641;2628;0;0;46;46;2;1;2;0;false;0.0;962.1957;308.77777;721.91925;5;1381
9;9;2650;2637;0;0;46;46;2;1;2;0;false;0.0;962.1957;307.0;720.5031;6;1387
18;15;2668;2652;0;0;46;46;2;1;2;0;false;0.0;962.1957;310.2;718.18243;10;1397
18;18;2686;2670;0;0;46;46;2;1;2;0;false;0.0;962.1957;316.83334;715.4767;10;1407
14;18;2700;2688;0;0;46;46;2;1;2;0;false;0.0;962.1957;313.05554;712.7818;9;1416
27;26;2727;2714;0;0;46;46;2;1;2;0;false;0.0;962.1957;326.92307;709.0852;10;1426
27;25;2754;2739;1;0;47;46;2;1;2;0;false;0.0;962.1957;324.76;705.57733;16;1442
29;25;2783;2764;2;3;49;49;2;1;2;0;false;313.0;922.449;318.44;702.07587;12;1454
38;37;2821;2801;1;0;50;49;2;1;2;0;false;0.0;922.449;321.48648;697.0483;17;1471
33;35;2854;2836;0;1;50;50;2;1;2;0;false;320.0;910.4;325.05713;692.45734;16;1487
35;33;2889;2869;0;0;50;50;2;1;2;0;false;0.0;910.4;319.78787;688.1709;8;1495
49;44;2938;2913;2;2;52;52;2;1;2;0;false;341.0;888.5;332.11365;682.79266;30;1525
42;44;2980;2958;0;0;52;52;2;1;2;0;false;0.0;888.5;332.63635;677.4671;23;1549
40;40;3020;2998;2;1;54;53;2;1;2;0;false;317.0;877.717;326.375;672.7827;15;1564
59;51;3079;3049;1;2;55;55;2;1;2;0;false;312.5;857.16364;347.23538;667.33734;36;1600
50;56;3129;3105;1;1;56;56;2;1;2;0;false;321.0;847.5893;351.75;661.64575;22;1622
50;46;3179;3151;0;0;56;56;2;1;2;0;false;0.0;847.5893;334.71738;656.873;19;1641
71;25;3250;3177;0;0;56;56;2;1;2;0;false;0.0;847.5893;337.72;654.2653;14;1655
56;0;3306;3177;0;0;56;56;2;1;2;0;false;0.0;847.5893;0.0;654.2653;0;1655
66;0;3372;3177;2;0;58;56;2;1;2;0;false;0.0;847.5893;0.0;654.2653;0;1655
85;0;3457;3177;1;0;59;56;2;1;2;0;false;0.0;847.5893;0.0;654.2653;0;1655
69;0;3526;3177;1;0;60;56;2;1;2;0;false;0.0;847.5893;0.0;654.2653;0;1655
81;0;3607;3177;2;0;62;56;2;1;2;0;false;0.0;847.5893;0.0;654.2653;0;1655
96;0;3703;3177;2;0;64;56;2;1;2;0;false;0.0;847.5893;0.0;654.2653;0;1655
88;0;3791;3177;2;0;66;56;2;1;2;0;false;0.0;847.5893;0.0;654.2653;0;1655
92;0;3883;3177;1;0;67;56;2;1;2;0;false;0.0;847.5893;0.0;654.2653;0;1655
115;0;3998;3177;2;0;69;56;2;1;2;0;false;0.0;847.5893;0.0;654.2653;0;1655
96;0;4094;3177;2;0;71;56;2;1;2;0;false;0.0;847.5893;0.0;654.2653;0;1655
91;0;4185;3177;1;0;72;56;2;1;2;0;false;0.0;847.5893;0.0;654.2653;0;1655
135;0;4320;3177;3;0;75;56;2;1;2;0;false;0.0;847.5893;0.0;654.2653;0;1655
102;0;4423;3177;0;0;75;56;2;1;2;0;false;0.0;847.5893;0.0;654.2653;0;1655
103;0;4526;3177;0;0;75;56;2;1;2;0;false;0.0;847.5893;0.0;654.2653;0;1655
124;0;4650;3177;2;0;77;56;2;1;2;0;false;0.0;847.5893;0.0;654.2653;0;1655
113;0;4763;3177;0;0;77;56;2;1;2;0;false;0.0;847.5893;0.0;654.2653;0;1655
82;0;4845;3177;3;0;80;56;2;1;2;0;false;0.0;847.5893;0.0;654.2653;0;1655
132;0;4977;3177;1;0;81;56;2;1;2;0;false;0.0;847.5893;0.0;654.2653;0;1655
128;0;5105;3177;1;0;82;56;2;1;2;0;false;0.0;847.5893;0.0;654.2653;0;1655
71;0;5177;3177;0;0;82;56;2;1;2;0;false;0.0;847.5893;0.0;654.2653;0;1655
91;0;5268;3177;0;0;82;56;2;1;2;0;false;0.0;847.5893;0.0;654.2653;0;1655
89;0;5357;3177;0;0;82;56;2;1;2;0;false;0.0;847.5893;0.0;654.2653;0;1655
107;0;5464;3177;2;0;84;56;2;1;2;0;false;0.0;847.5893;0.0;654.2653;0;1655
81;0;5545;3177;1;0;85;56;2;1;2;0;false;0.0;847.5893;0.0;654.2653;0;1655
114;0;5659;3177;4;0;89;56;2;1;2;0;false;0.0;847.5893;0.0;654.2653;0;1655
115;0;5774;3177;0;0;89;56;2;1;2;0;false;0.0;847.5893;0.0;654.2653;0;1655
67;0;5841;3177;0;0;89;56;2;1;2;0;false;0.0;847.5893;0.0;654.2653;0;1655
29;0;5870;3177;0;0;89;56;2;1;2;0;false;0.0;847.5893;0.0;654.2653;0;1655
0;0;5870;3177;0;0;89;56;2;1;2;0;false;0.0;847.5893;0.0;654.2653;0;1655
0;0;5870;3177;0;0;89;56;2;1;2;0;false;0.0;847.5893;0.0;654.2653;0;1655
0;0;5870;3177;0;0;89;56;2;1;2;0;false;0.0;847.5893;0.0;654.2653;0;1655
0;0;5870;3177;0;0;89;56;2;1;2;0;false;0.0;847.5893;0.0;654.2653;0;1655
0;0;5870;3177;0;0;89;56;2;1;2;0;false;0.0;847.5893;0.0;654.2653;0;1655
0;0;5870;3177;0;0;89;56;2;1;2;0;false;0.0;847.5893;0.0;654.2653;0;1655
0;0;5870;3177;0;0;89;56;2;1;2;0;false;0.0;847.5893;0.0;654.2653;0;1655
0;0;5870;3177;0;0;89;56;2;1;2;0;false;0.0;847.5893;0.0;654.2653;0;1655
0;0;5870;3177;0;0;89;56;2;1;2;0;false;0.0;847.5893;0.0;654.2653;0;1655
0;0;5870;3177;0;0;89;56;2;1;2;0;false;0.0;847.5893;0.0;654.2653;0;1655
0;0;5870;3177;0;0;89;56;2;1;2;0;false;0.0;847.5893;0.0;654.2653;0;1655
0;0;5870;3177;0;0;89;56;2;1;2;0;false;0.0;847.5893;0.0;654.2653;0;1655
0;0;5870;3177;0;0;89;56;2;1;2;0;false;0.0;847.5893;0.0;654.2653;0;1655
0;0;5870;3177;0;0;89;56;2;1;2;0;false;0.0;847.5893;0.0;654.2653;0;1655
0;0;5870;3177;0;0;89;56;2;1;2;0;false;0.0;847.5893;0.0;654.2653;0;1655
0;0;5870;3177;0;0;89;56;2;1;2;0;false;0.0;847.5893;0.0;654.2653;0;1655
0;0;5870;3177;0;0;89;56;2;1;2;0;false;0.0;847.5893;0.0;654.2653;0;1655
0;0;5870;3177;0;0;89;56;2;1;2;0;false;0.0;847.5893;0.0;654.2653;0;1655
0;0;5870;3177;0;0;89;56;2;1;2;0;false;0.0;847.5893;0.0;654.2653;0;1655
0;0;5870;3177;0;0;89;56;2;1;2;0;false;0.0;847.5893;0.0;654.2653;0;1655
0;0;5870;3177;0;0;89;56;2;1;2;0;false;0.0;847.5893;0.0;654.2653;0;1655
