Number of requests arrived in interval;Number of requests completed in interval;Number of requests arrived in total;Number of requests completed in total;Number of High criticality requests arrived in interval;Number of High criticality reuests completed in interval;Number of High criticality requests arrived in total;Number of High criticality reuests completed in total;Number of active cores in interval;Number of overloaded cores in interval;Number of sensors pushing data;Number of sensors we pull data;Overloaded system;Average High Criticality requests service time in interval;Average High Criticality requests service time in total;Average request service time in interval;Average request service time in total;numberOfRequestsCompletedWithCacheInInterval;numberOfRequestsCompletedWithCacheInTotal
0;0;0;0;0;0;0;0;2;0;0;0;false;0.0;0.0;0.0;0.0;0;0
0;0;0;0;0;0;0;0;2;0;0;0;false;0.0;0.0;0.0;0.0;0;0
0;0;0;0;0;0;0;0;2;0;0;0;false;0.0;0.0;0.0;0.0;0;0
0;0;0;0;0;0;0;0;2;0;0;2;false;0.0;0.0;0.0;0.0;0;0
0;0;0;0;0;0;0;0;2;0;0;2;false;0.0;0.0;0.0;0.0;0;0
0;0;0;0;0;0;0;0;2;0;0;2;false;0.0;0.0;0.0;0.0;0;0
0;0;0;0;0;0;0;0;2;0;0;2;false;0.0;0.0;0.0;0.0;0;0
0;0;0;0;0;0;0;0;2;0;0;2;false;0.0;0.0;0.0;0.0;0;0
0;0;0;0;0;0;0;0;2;0;0;2;false;0.0;0.0;0.0;0.0;0;0
3;0;3;0;0;0;0;0;2;0;0;2;false;0.0;0.0;0.0;0.0;0;0
3;0;6;0;0;0;0;0;2;0;0;2;false;0.0;0.0;0.0;0.0;0;0
3;3;9;3;0;0;0;0;2;0;0;2;false;0.0;0.0;928.3333;928.3333;1;1
9;3;18;6;0;0;0;0;2;0;0;2;false;0.0;0.0;627.0;777.6667;2;3
9;9;27;15;0;0;0;0;2;0;0;2;false;0.0;0.0;832.2222;810.4;4;7
9;11;36;26;0;0;0;0;2;0;0;2;false;0.0;0.0;655.36365;744.8077;7;14
18;9;54;35;0;0;0;0;2;0;0;2;false;0.0;0.0;550.0;694.7143;7;21
16;19;70;54;0;0;0;0;2;0;0;2;false;0.0;0.0;710.0;700.0926;11;32
15;17;85;71;0;0;0;0;2;0;0;2;false;0.0;0.0;702.17645;695.8611;11;43
29;18;114;90;0;0;0;0;2;0;0;2;false;0.0;0.0;684.8889;693.66675;11;54
27;27;141;117;0;0;0;0;2;0;0;2;false;0.0;0.0;828.5185;724.7864;12;66
28;29;169;146;0;0;0;0;2;0;0;2;false;0.0;0.0;822.9655;744.28766;13;79
39;34;208;180;0;0;0;0;2;0;0;2;false;0.0;0.0;617.6177;720.3611;23;102
32;33;240;213;1;0;1;0;2;0;0;2;false;0.0;0.0;716.42426;719.75116;19;121
37;41;277;254;0;1;1;1;2;0;0;2;false;1215.0;1215.0;708.7317;717.9724;24;145
48;46;326;300;0;0;1;1;2;0;1;1;false;0.0;1215.0;543.087;691.1568;25;170
40;46;366;346;0;0;1;1;2;0;1;1;false;0.0;1215.0;531.10876;669.8786;23;193
43;37;409;383;0;0;1;1;2;0;1;1;false;0.0;1215.0;454.21622;649.0444;18;211
58;51;467;434;0;0;1;1;2;0;1;1;false;0.0;1215.0;539.8626;636.2143;27;238
48;51;515;485;2;2;3;3;2;0;1;1;false;355.0;641.6667;564.804;628.70514;31;269
56;55;571;540;2;0;5;3;2;0;1;1;false;0.0;641.6667;591.56366;624.92224;24;293
66;58;637;598;3;2;8;5;2;0;1;1;false;374.5;534.8;481.8793;611.0485;36;329
59;70;696;668;0;2;8;7;2;0;2;0;false;807.0;612.5714;614.5;611.4105;29;358
66;69;762;737;0;1;8;8;2;0;2;0;false;1317.0;700.625;442.56522;595.6027;36;394
78;76;841;813;1;0;9;8;2;0;2;0;false;0.0;700.625;439.6316;581.0224;53;447
82;64;924;877;1;1;10;9;2;0;2;0;false;677.0;698.0;506.5156;575.58514;32;479
82;82;1006;959;2;2;12;11;2;0;2;0;false;453.5;653.5455;465.84146;566.20123;39;518
80;86;1086;1045;1;1;13;12;2;0;2;0;false;385.0;631.1667;537.48834;563.83826;47;565
45;71;1131;1116;0;1;13;13;2;0;2;0;false;616.0;630.0;523.1831;561.2518;35;600
105;40;1236;1156;2;2;15;15;2;0;2;0;false;720.0;642.0;557.1;561.10815;2;602
151;43;1387;1199;4;2;19;17;2;0;2;0;false;797.5;660.2941;868.2792;572.12445;2;604
78;75;1465;1274;0;0;19;17;3;1;2;0;false;0.0;660.2941;1516.7067;627.7318;25;629
81;74;1546;1348;2;2;21;19;3;1;2;0;false;1095.5;706.1053;2109.2703;709.0628;51;680
163;11;1709;1359;3;2;24;21;3;0;2;0;false;1654.0;796.381;2285.9092;721.82623;3;683
20;71;1729;1430;0;2;24;23;3;0;2;0;false;662.5;784.73914;1672.5352;769.0292;2;685
137;61;1866;1491;2;2;26;25;3;0;2;0;false;502.5;762.16;1723.9193;808.7096;2;687
93;36;1959;1528;2;1;28;26;3;0;2;0;false;1120.0;775.9231;1449.7778;823.8133;3;690
19;51;1978;1579;0;0;28;26;3;0;2;0;false;0.0;775.9231;2759.432;886.3317;12;702
5;56;1983;1636;0;0;28;26;3;0;2;0;false;0.0;775.9231;4908.8394;1024.394;29;731
2;93;1985;1729;0;1;28;27;3;0;2;0;false;1517.0;803.37036;6548.031;1321.5015;83;814
133;34;2118;1763;1;0;29;27;3;0;2;0;false;0.0;803.37036;5109.176;1394.548;25;839
31;50;2149;1813;0;1;29;28;3;0;2;0;false;3766.0;909.1786;3769.1;1460.0348;26;865
0;2;2149;1815;0;0;29;28;3;0;2;0;false;0.0;909.1786;6979.5;1466.1168;2;867
0;14;2149;1829;0;0;29;28;3;0;2;0;false;0.0;909.1786;5250.7856;1495.0864;12;879
11;79;2160;1908;1;0;30;28;3;0;2;0;false;0.0;909.1786;5314.633;1653.2333;63;942
15;29;2175;1937;0;0;30;28;4;2;2;0;false;0.0;909.1786;6807.6895;1730.4037;26;968
70;138;2245;2075;0;1;30;29;4;0;2;0;false;7444.0;1134.5172;6230.9346;2029.7162;119;1087
143;68;2388;2143;2;1;32;30;4;0;2;0;false;7449.0;1345.0;4055.1619;2093.986;39;1126
273;23;2661;2166;3;0;35;30;4;0;2;0;false;0.0;1345.0;4568.913;2120.2664;19;1145
294;0;2960;2166;1;0;36;30;4;0;2;0;false;0.0;1345.0;0.0;2120.2664;0;1145
280;0;3240;2166;5;0;41;30;4;0;2;0;false;0.0;1345.0;0.0;2120.2664;0;1145
232;7;3472;2173;3;0;44;30;4;0;2;0;false;0.0;1345.0;5375.857;2130.754;3;1148
98;23;3570;2196;1;0;45;30;4;3;2;0;true;0.0;1345.0;5796.3477;2169.146;6;1154
254;20;3824;2216;5;1;50;31;4;3;2;0;true;6974.0;1526.5807;6842.0;2211.3198;4;1158
80;13;3904;2229;0;1;50;32;4;3;2;0;true;7349.0;1708.5312;7679.0;2243.2085;2;1160
49;39;3953;2268;0;7;50;39;4;3;2;0;true;6480.143;2564.9744;8088.0513;2343.7156;8;1168
112;17;4065;2285;1;2;51;41;4;3;2;0;true;6362.5;2750.2195;9066.823;2393.7346;2;1170
151;44;4216;2329;0;3;51;44;4;3;2;0;true;7609.3335;3081.5227;10391.136;2544.8245;3;1173
38;38;4254;2367;0;6;51;50;4;3;2;0;true;6342.0;3472.78;10700.579;2675.7578;6;1179
79;35;4333;2402;0;0;51;50;4;3;2;0;true;0.0;3472.78;12133.172;2813.5635;0;1179
24;37;4357;2439;0;0;51;50;4;3;2;0;true;0.0;3472.78;13044.703;2968.7717;0;1179
6;96;4363;2535;0;1;51;51;3;0;2;0;false;4992.0;3502.5686;13109.886;3352.8142;1;1180
0;27;4363;2562;0;0;51;51;3;0;2;0;false;0.0;3502.5686;12864.148;3453.0508;0;1180
0;21;4363;2583;0;0;51;51;3;0;2;0;false;0.0;3502.5686;12997.714;3530.6497;0;1180
5;35;4368;2619;0;0;51;51;3;0;2;0;false;0.0;3502.5686;14293.886;3678.0894;0;1180
97;47;4465;2666;2;1;53;52;3;0;2;0;false;466.0;3444.173;13054.106;3843.383;1;1181
68;1;4533;2667;2;1;55;53;4;2;2;0;false;637.0;3391.2075;637.0;3842.1807;1;1182
67;0;4600;2667;1;0;56;53;4;3;2;0;true;0.0;3391.2075;0.0;3842.1807;0;1182
61;0;4661;2667;1;0;57;53;4;3;2;0;true;0.0;3391.2075;0.0;3842.1807;0;1182
62;0;4723;2667;0;0;57;53;4;3;2;0;true;0.0;3391.2075;0.0;3842.1807;0;1182
57;0;4780;2667;2;0;59;53;4;3;2;0;true;0.0;3391.2075;0.0;3842.1807;0;1182
24;0;4804;2667;0;0;59;53;4;3;2;0;true;0.0;3391.2075;0.0;3842.1807;0;1182
9;0;4813;2667;0;0;59;53;4;3;2;0;true;0.0;3391.2075;0.0;3842.1807;0;1182
9;0;4822;2667;0;0;59;53;4;3;2;0;true;0.0;3391.2075;0.0;3842.1807;0;1182
3;0;4825;2667;0;0;59;53;4;3;2;0;true;0.0;3391.2075;0.0;3842.1807;0;1182
3;0;4828;2667;0;0;59;53;4;3;2;0;true;0.0;3391.2075;0.0;3842.1807;0;1182
3;0;4831;2667;0;0;59;53;4;3;2;0;true;0.0;3391.2075;0.0;3842.1807;0;1182
0;0;4831;2667;0;0;59;53;4;3;2;0;true;0.0;3391.2075;0.0;3842.1807;0;1182
0;0;4831;2667;0;0;59;53;4;3;2;0;true;0.0;3391.2075;0.0;3842.1807;0;1182
0;0;4831;2667;0;0;59;53;4;3;2;0;true;0.0;3391.2075;0.0;3842.1807;0;1182
