Number of requests arrived in interval;Number of requests completed in interval;Number of requests arrived in total;Number of requests completed in total;Number of High criticality requests arrived in interval;Number of High criticality reuests completed in interval;Number of High criticality requests arrived in total;Number of High criticality reuests completed in total;Number of active cores in interval;Number of overloaded cores in interval;Number of sensors pushing data;Number of sensors we pull data;Overloaded system;Average High Criticality requests service time in interval;Average High Criticality requests service time in total;Average request service time in interval;Average request service time in total;numberOfRequestsCompletedWithCacheInInterval;numberOfRequestsCompletedWithCacheInTotal
0;0;0;0;0;0;0;0;2;0;0;0;false;0.0;0.0;0.0;0.0;0;0
0;0;0;0;0;0;0;0;2;0;0;0;false;0.0;0.0;0.0;0.0;0;0
0;0;0;0;0;0;0;0;2;0;0;0;false;0.0;0.0;0.0;0.0;0;0
0;0;0;0;0;0;0;0;2;0;0;2;false;0.0;0.0;0.0;0.0;0;0
0;0;0;0;0;0;0;0;2;0;0;2;false;0.0;0.0;0.0;0.0;0;0
0;0;0;0;0;0;0;0;2;0;0;2;false;0.0;0.0;0.0;0.0;0;0
3;0;3;0;0;0;0;0;2;0;0;2;false;0.0;0.0;0.0;0.0;0;0
3;1;6;1;0;0;0;0;2;0;0;2;false;0.0;0.0;55.0;55.0;1;1
3;7;9;8;0;0;0;0;2;0;0;2;false;0.0;0.0;465.85715;414.5;4;5
6;6;15;14;0;0;0;0;2;0;0;2;false;0.0;0.0;37.5;252.92854;6;11
6;4;21;18;0;0;0;0;2;0;0;2;false;0.0;0.0;23.0;201.83331;4;15
6;6;27;24;0;0;0;0;2;0;0;2;false;0.0;0.0;368.33334;243.45831;4;19
9;8;36;32;0;0;0;0;2;0;0;2;false;0.0;0.0;279.75;252.53123;6;25
9;9;45;41;0;0;0;0;2;0;0;2;false;0.0;0.0;368.66666;278.02438;6;31
12;10;57;51;0;0;0;0;2;0;0;2;false;0.0;0.0;322.0;286.64703;7;38
3;5;60;56;0;0;0;0;2;0;0;2;false;0.0;0.0;827.0;334.89285;1;39
0;3;60;59;0;0;0;0;2;0;0;2;false;0.0;0.0;1026.6666;370.0678;0;39
0;0;60;59;0;0;0;0;2;0;0;2;false;0.0;0.0;0.0;370.0678;0;39
0;0;60;59;0;0;0;0;2;0;0;2;false;0.0;0.0;0.0;370.0678;0;39
